0
109271975
109271978
109272011
109272012
109272053
109272058
109272059
109272062
109272063
109272065
109272066
109272067
109272069
109272070
109272072
109272073
109272074
109272075
109272077
109272078
109272079
109272080
109272081
109272082
109272083
109272084
109272085
109272086
109272087
109272088
109272089
109272090
109272091
109272092
109272093
109272094
109272095
109272096
109272097
109272098
109272099
109272100
109272101
109272102
109272103
109272104
109272105
109272106
109272107
109272108
109272109
109272110
109272111
109272112
109272113
109272114
109272115
109272116
109272117
109272118
109272119
109272120
109272121
109272122
109272123
109272124
109272125
109272126
109272127
109272128
109272129
109272130
109272131
109272132
109272133
109272134
109272135
109272136
109272137
109272138
109272139
109272140
109272141
109272142
109272143
109272144
109272145
109272146
109272147
109272148
109272149
109272150
109272151
109272152
109272153
109272154
109272155
109272156
109272157
109272158
109272159
109272160
109272161
109272162
109272163
109272164
109272165
109272166
109272167
109272168
109272169
109272170
109272171
109272172
109272173
109272174
109272175
109272176
109272177
109272178
109272179
109272180
109272181
109272182
109272183
109272184
109272185
109272186
109272187
109272188
109272189
109272190
109272191
109272192
